0.000000 0.000000 0.000000 
0.030000 -0.196479 0.020219 
0.060000 -0.202806 0.026665 
0.204609 -0.162934 -0.098802 
0.386998 -0.107962 -0.193831 
0.530634 -0.063352 -0.231196 
0.652525 -0.063352 -0.186459 
0.735552 -0.063352 -0.124382 
0.833533 -0.063352 -0.070425 
0.907655 -0.063352 -0.003999 
0.985492 -0.063352 0.055496 
1.080835 0.117145 0.079857 
1.159295 0.147205 0.177166 
1.241547 0.171578 0.219857 
1.324117 0.196848 0.200889 
1.399538 0.221272 0.167173 
1.479710 0.229267 0.130218 
1.564523 0.208250 0.096910 
1.639069 0.169764 0.073842 
1.712607 0.127428 0.071552 
1.786426 0.078913 0.070595 
1.874641 0.033792 0.064488 
1.944778 -0.014784 0.085001 
2.029323 -0.062295 0.097390 
2.110746 -0.093489 0.102615 
2.186758 -0.121516 0.089346 
2.260111 -0.157614 0.017459 
2.354601 -0.170265 -0.076938 
2.448748 -0.155319 -0.193694 
2.540811 -0.124676 -0.293785 
2.614490 -0.078315 -0.313195 
2.695508 -0.035457 -0.251791 
2.776180 -0.002069 -0.153540 
2.851709 0.030996 -0.047839 
2.924652 0.063023 0.058501 
2.997862 0.090220 0.146478 
3.072088 0.124483 0.203668 
3.147412 0.144113 0.231588 
3.217733 0.170965 0.224216 
3.291239 0.191252 0.191193 
3.364081 0.207056 0.151271 
3.433080 0.221961 0.115743 
3.507205 0.231389 0.096916 
3.598874 0.234877 0.102869 
3.669287 0.235048 0.129621 
3.744908 0.227875 0.173289 
3.819589 0.216306 0.213913 
3.877919 0.200871 0.260453 
3.934131 0.163896 0.311137 
4.017729 0.129794 0.334369 
4.092882 0.094468 0.296459 
4.169392 0.064245 0.220844 
4.242232 0.037004 0.135117 
4.321260 0.003632 0.053528 
4.414972 -0.024766 -0.100246 
4.503848 -0.049505 -0.197852 
4.580851 -0.079847 -0.201960 
4.656325 -0.097172 -0.173737 
4.729252 -0.108280 -0.130132 
4.799278 -0.126903 -0.057943 
4.905754 -0.144361 -0.003745 
4.980042 -0.164558 0.013136 
5.052360 -0.183071 -0.014161 
5.125751 -0.201913 -0.069661 
5.194370 -0.217712 -0.127808 
5.268789 -0.224186 -0.176689 
5.336693 -0.198803 -0.240306 
5.427288 -0.144852 -0.288925 
5.503286 -0.039150 -0.254938 
5.606530 0.051035 -0.130545 
5.699377 0.118002 -0.026603 
5.775703 0.173587 0.058308 
5.848253 0.215134 0.128249 
5.919408 0.255576 0.183856 
6.012141 0.262718 0.232048 
6.099398 0.223217 0.265422 
6.169244 0.156398 0.320050 
6.246314 0.071964 0.305492 
6.323267 -0.009343 0.160650 
6.405442 -0.079955 -0.013964 
6.494709 -0.160741 -0.134084 
6.573304 -0.209374 -0.201113 
6.645041 -0.242800 -0.231743 
6.719701 -0.271865 -0.250167 
6.793215 -0.283771 -0.269582 
6.868152 -0.268640 -0.282129 
6.938166 -0.226606 -0.277662 
7.010302 -0.169779 -0.250146 
7.080416 -0.103082 -0.202342 
7.154024 -0.032919 -0.146658 
7.226530 0.033083 -0.047100 
7.313662 0.088976 0.083773 
7.385529 0.123319 0.153042 
7.461505 0.116100 0.132834 
7.534347 0.064224 0.070814 
7.606728 0.009377 0.011938 
7.670302 -0.081087 -0.034707 
7.760581 -0.149377 -0.085749 
7.836630 -0.213040 -0.133774 
7.913753 -0.260806 -0.163471 
7.991154 -0.314041 -0.167853 
8.061785 -0.348295 -0.177460 
8.135411 -0.358366 -0.208003 
8.210529 -0.335201 -0.251083 
8.285400 -0.282524 -0.280162 
8.359648 -0.212203 -0.273516 
8.434088 -0.160440 -0.236284 
8.501193 -0.099264 -0.189531 
8.565018 -0.040772 -0.134917 
8.627330 0.015126 -0.122640 
8.697256 0.077542 -0.193051 
8.770312 0.132227 -0.203550 
8.842742 0.204375 -0.068464 
8.942249 0.238048 0.093516 
9.008033 0.274147 0.225407 
9.075610 0.317180 0.311488 
9.150191 0.336308 0.366145 
9.213486 0.345136 0.397619 
9.289626 0.294247 0.392071 
9.384077 0.223425 0.309946 
9.477290 0.153726 0.215798 
9.556270 0.082071 0.125289 
9.629586 0.013589 0.040313 
9.701400 -0.060947 -0.030380 
9.792806 -0.076475 -0.101472 
9.889802 -0.044131 -0.114275 
9.959996 0.015700 -0.069024 
10.028562 0.083658 0.021730 
10.100953 0.170386 0.132478 
10.190469 0.206206 0.223352 
10.258831 0.221698 0.279737 
10.334895 0.207456 0.291231 
10.398506 0.167395 0.264129 
10.457436 0.066264 0.201806 
10.543814 -0.014495 0.078251 
10.620127 -0.106876 -0.044793 
10.695338 -0.187603 -0.158538 
10.786238 -0.252528 -0.250650 
10.870406 -0.307275 -0.304697 
10.949308 -0.344706 -0.334808 
11.020635 -0.354722 -0.344052 
11.087947 -0.347521 -0.322096 
11.163895 -0.297990 -0.272070 
11.231352 -0.207532 -0.198515 
11.324631 -0.090345 -0.100548 
11.420635 -0.013919 -0.027317 
11.510212 0.023871 -0.002338 
11.586568 0.061716 -0.016949 
11.661866 0.090758 -0.033881 
11.730576 0.123231 -0.037044 
11.804243 0.152970 -0.019558 
11.875222 0.178389 0.013057 
11.943809 0.199804 0.058813 
12.019224 0.220067 0.117070 
12.093902 0.245396 0.191877 
12.181454 0.265247 0.302541 
12.269851 0.281872 0.378622 
12.348667 0.294567 0.413591 
12.423566 0.308942 0.407984 
12.514781 0.320511 0.374439 
12.589598 0.325557 0.328051 
12.661618 0.318844 0.277662 
12.733046 0.283779 0.232034 
12.810931 0.241873 0.194597 
12.879826 0.183174 0.161915 
12.953418 0.120809 0.128521 
13.025476 0.057763 0.096082 
13.094834 -0.002483 0.067408 
13.170194 -0.058898 0.047770 
13.241861 -0.110212 0.032324 
13.309983 -0.142729 0.012453 
13.375711 -0.191813 -0.011530 
13.448519 -0.225396 -0.058101 
13.520221 -0.271706 -0.119356 
13.594406 -0.314921 -0.196224 
13.716314 -0.302474 -0.293256 
13.801799 -0.258284 -0.363942 
13.877317 -0.212291 -0.387244 
13.942170 -0.128901 -0.366343 
14.045225 -0.042930 -0.251450 
14.138289 0.002955 -0.129966 
14.210672 0.050365 -0.026426 
14.275996 0.096065 0.069658 
14.350958 0.127621 0.158683 
14.421397 0.145711 0.217186 
14.496868 0.144903 0.240552 
14.567992 0.106103 0.232021 
14.639288 0.048347 0.176549 
14.715994 -0.006073 0.082902 
14.785628 -0.048954 -0.019037 
14.851771 -0.113903 -0.107967 
14.928542 -0.155358 -0.187582 
14.999356 -0.187124 -0.244818 
15.075575 -0.187280 -0.272703 
15.145622 -0.151291 -0.259280 
15.221500 -0.088335 -0.192368 
15.295508 -0.011170 -0.094027 
15.385297 0.047156 0.041211 
15.474748 0.097052 0.140283 
15.542947 0.138886 0.210391 
15.615883 0.177477 0.229824 
15.688006 0.216613 0.223772 
15.760474 0.254703 0.229464 
15.835144 0.296348 0.235582 
15.915413 0.332181 0.192570 
15.988834 0.352258 0.156412 
16.062967 0.359488 0.192243 
16.137177 0.338428 0.250775 
16.209786 0.306363 0.288441 
16.282016 0.255913 0.315733 
16.354800 0.201246 0.337529 
16.427781 0.117059 0.308585 
16.523565 0.065354 0.253976 
16.592510 0.009064 0.199539 
16.662472 -0.056769 0.116288 
16.739430 -0.120346 -0.000100 
16.814603 -0.171533 -0.118791 
16.898517 -0.180284 -0.214086 
16.976619 -0.157178 -0.255004 
17.050455 -0.102422 -0.255244 
17.139587 -0.046319 -0.208538 
17.217154 0.023041 -0.114631 
17.305730 0.070979 0.007495 
17.397685 0.074271 0.098100 
17.467483 0.044599 0.157548 
17.542333 -0.002156 0.150615 
17.618232 -0.059738 0.105527 
17.688976 -0.125620 0.042182 
17.762051 -0.177244 -0.054855 
17.837656 -0.229246 -0.175006 
17.927368 -0.273705 -0.275233 
18.000429 -0.301777 -0.350105 
18.080521 -0.324181 -0.388613 
18.157240 -0.341995 -0.394931 
18.229858 -0.354852 -0.382467 
18.303374 -0.357087 -0.358353 
18.374023 -0.334998 -0.321736 
18.446778 -0.304634 -0.272409 
18.516884 -0.255783 -0.222819 
18.588799 -0.206450 -0.180702 
18.662772 -0.153094 -0.146833 
18.735672 -0.105133 -0.118752 
18.807743 -0.046732 -0.107583 
18.896874 -0.004691 -0.106499 
18.968576 0.037871 -0.107915 
19.040418 0.074163 -0.101529 
19.110219 0.127219 -0.077556 
19.184205 0.168777 -0.015976 
19.259165 0.217119 0.069987 
19.351894 0.264033 0.190146 
19.441724 0.291607 0.285801 
19.511891 0.308181 0.372843 
19.583939 0.309040 0.430022 
19.661536 0.277805 0.436985 
19.734573 0.226604 0.388999 
19.810296 0.141724 0.300002 
